# name: debug
# type: sparse matrix
# nnz: 576
# rows: 24
# columns: 24

1 1 1550.94743
2 1 -16.3734902
3 1 271.177389
4 1 144.02676
5 1 102034.797
6 1 3959.99124
7 1 -790.409535
8 1 1.12115854
9 1 -131.906348
10 1 221.895489
11 1 -45157.7629
12 1 -1668.01946
13 1 -626.158914
14 1 7.57926422
15 1 -101.202188
16 1 -2.78998052
17 1 -39252.1861
18 1 -1776.82527
19 1 -16.2945466
20 1 -0.150612136
21 1 0.279184364
22 1 12.6330817
23 1 -1340.6989
24 1 14.0581462
1 2 -16.3734902
2 2 1684.78193
3 2 53.9519541
4 2 -104806.064
5 2 -138.477584
6 2 -18221.599
7 2 8.01858066
8 2 -850.332495
9 2 -25.8579921
10 2 46194.4363
11 2 151.269569
12 2 7102.84327
13 2 12.8898459
14 2 -686.626323
15 2 -28.0906125
16 2 40618.3604
17 2 318.305718
18 2 6120.20221
19 2 0.124882763
20 2 -16.3758814
21 2 0.172213563
22 2 1347.1487
23 2 10.030919
24 2 -23.0557434
1 3 271.177389
2 3 53.9519541
3 3 80.2958069
4 3 -3919.01371
5 3 17462.9365
6 3 -5.54917609
7 3 -145.445116
8 3 -25.1923387
9 3 -31.5883397
10 3 1639.15608
11 3 -7842.48948
12 3 -51.3312694
13 3 -113.70888
14 3 -25.9695482
15 3 -25.8067066
16 3 1655.18854
17 3 -6684.83077
18 3 -58.7977247
19 3 -0.527312643
20 3 0.0984994688
21 3 0.00793423279
22 3 -8.09512436
23 3 -43.3852115
24 3 0.599789884
1 4 144.02676
2 4 -104806.064
3 4 -3919.01371
4 4 7865263.91
5 4 -61125.8477
6 4 1259488.22
7 4 -153.41954
8 4 53203.8525
9 4 1895.50123
10 4 -3456139.12
11 4 16211.4792
12 4 -465892.354
13 4 -371.788779
14 4 46760.3848
15 4 1999.91819
16 4 -3237324.55
17 4 8345.70303
18 4 -425148.71
19 4 -11.3020234
20 4 1443.61494
21 4 -15.1764862
22 4 -118757.816
23 4 -908.382016
24 4 2032.73438
1 5 102034.797
2 5 -138.477584
3 5 17462.9365
4 5 -61125.8477
5 5 7997606.7
6 5 318256.506
7 5 -52141.9171
8 5 -283.936639
9 5 -8008.21212
10 5 44356.6326
11 5 -3520890.34
12 5 -141399.376
13 5 -45269.8656
14 5 0.828994454
15 5 -6681.587
16 5 33954.2977
17 5 -3271468
18 5 -146570.007
19 5 -1437.89235
20 5 -12.9961312
21 5 24.6331483
22 5 1090.56791
23 5 -118308.331
24 5 1240.95653
1 6 3959.99124
2 6 -18221.599
3 6 -5.54917609
4 6 1259488.22
5 6 318256.506
6 6 273920.68
7 6 -1848.82367
8 6 9401.99904
9 6 63.0437678
10 6 -558781.492
11 6 -137522.88
12 6 -107145.075
13 6 -1957.28639
14 6 8230.38909
15 6 74.307636
16 6 -518529.731
17 6 -140813.279
18 6 -100382.414
19 6 8.71091768
20 6 46.729446
21 6 -0.645883449
22 6 -3844.29551
23 6 717.42144
24 6 57.8505417
1 7 -790.409535
2 7 8.01858066
3 7 -145.445116
4 7 -153.41954
5 7 -52141.9171
6 7 -1848.82367
7 7 1874.32846
8 7 -0.247902491
9 7 304.014426
10 7 -575.618136
11 7 105370.703
12 7 4192.08298
13 7 -950.0101
14 7 -3.96553691
15 7 -169.8639
16 7 516.634093
17 7 -55524.2204
18 7 -2376.20935
19 7 -20.0303073
20 7 -0.0872153576
21 7 0.342148873
22 7 7.47351889
23 7 -1648.07206
24 7 17.4183977
1 8 1.12115854
2 8 -850.332495
3 8 -25.1923387
4 8 53203.8525
5 8 -283.936639
6 8 9401.99904
7 8 -0.247902491
8 8 1928.43119
9 8 70.0748424
10 8 -103651.033
11 8 576.721048
12 8 -15664.0459
13 8 -4.19687077
14 8 -926.766351
15 8 -43.9598761
16 8 52891.7624
17 8 -527.048508
18 8 8164.5119
19 8 0.0930230937
20 8 -20.1354216
21 8 0.212781129
22 8 1656.42514
23 8 7.35345784
24 8 -28.2958259
1 9 -131.906348
2 9 -25.8579921
3 9 -31.5883397
4 9 1895.50123
5 9 -8008.21212
6 9 63.0437678
7 9 304.014426
8 9 70.0748424
9 9 99.7951341
10 9 -4328.24195
11 9 16147.2306
12 9 -1.10291124
13 9 -169.020204
14 9 -43.5910486
15 9 -43.4033389
16 9 2494.55397
17 9 -8874.61016
18 9 -3.2322282
19 9 0.253199929
20 9 0.199589619
21 9 -0.00643818403
22 9 -16.4228792
23 9 20.8359779
24 9 0.057943028
1 10 221.895489
2 10 46194.4363
3 10 1639.15608
4 10 -3456139.12
5 10 44356.6326
6 10 -558781.492
7 10 -575.618136
8 10 -103651.033
9 10 -4328.24195
10 10 7027734.5
11 10 -79327.1743
12 10 911283.421
13 10 533.866728
14 10 53577.4968
15 10 2542.79579
16 10 -3629576.4
17 10 52299.0484
18 10 -481960.478
19 10 -7.19694399
20 10 1600.9295
21 10 -16.9212199
22 10 -131699.251
23 10 -568.273996
24 10 2249.5735
1 11 -45157.7629
2 11 151.269569
3 11 -7842.48948
4 11 16211.4792
5 11 -3520890.34
6 11 -137522.88
7 11 105370.703
8 11 576.721048
9 11 16147.2306
10 11 -79327.1743
11 11 7299789.98
12 11 302355.302
13 11 -56231.6104
14 11 -520.642291
15 11 -9018.40577
16 11 51582.6004
17 11 -3843705.73
18 11 -165423.663
19 11 -1592.67183
20 11 -7.13495579
21 11 27.207449
22 11 610.711339
23 11 -131043.323
24 11 1384.7103
1 12 -1668.01946
2 12 7102.84327
3 12 -51.3312694
4 12 -465892.354
5 12 -141399.376
6 12 -107145.075
7 12 4192.08298
8 12 -15664.0459
9 12 -1.10291124
10 12 911283.421
11 12 302355.302
12 12 201431.318
13 12 -2393.43097
14 12 8272.1363
15 12 0.613059911
16 12 -483360.618
17 12 -164777.884
18 12 -106848.402
19 12 15.7909278
20 12 -20.2400519
21 12 -0.0535219557
22 12 1664.79831
23 12 1298.95753
24 12 -42.1891443
1 13 -626.158914
2 13 12.8898459
3 13 -113.70888
4 13 -371.788779
5 13 -45269.8656
6 13 -1957.28639
7 13 -950.0101
8 13 -4.19687077
9 13 -169.020204
10 13 533.866728
11 13 -56231.6104
12 13 -2393.43097
13 13 1697.68995
14 13 -6.03653263
15 13 276.863846
16 13 -368.057344
17 13 100330.438
18 13 4344.96838
19 13 -20.4205241
20 13 -0.089658257
21 13 0.348822303
22 13 7.68030349
23 13 -1680.17869
24 13 17.7566888
1 14 7.57926422
2 14 -686.626323
3 14 -25.9695482
4 14 46760.3848
5 14 0.828994454
6 14 8230.38909
7 14 -3.96553691
8 14 -926.766351
9 14 -43.5910486
10 14 53577.4968
11 14 -520.642291
12 14 8272.1363
13 14 -6.03653263
14 14 1748.60317
15 14 74.8867998
16 14 -98988.8208
17 14 370.678491
18 14 -14756.0422
19 14 0.100350008
20 14 -20.5276631
21 14 0.216832196
22 14 1688.69251
23 14 7.95045663
24 14 -28.8518628
1 15 -101.202188
2 15 -28.0906125
3 15 -25.8067066
4 15 1999.91819
5 15 -6681.587
6 15 74.307636
7 15 -169.8639
8 15 -43.9598761
9 15 -43.4033389
10 15 2542.79579
11 15 -9018.40577
12 15 0.613059911
13 15 276.863846
14 15 74.8867998
15 15 88.4064351
16 15 -4434.79528
17 15 15081.7945
18 15 -2.62114634
19 15 0.302889359
20 15 0.212426402
21 15 -0.00742131659
22 15 -17.4796296
23 15 24.9245588
24 15 0.0324171203
1 16 -2.78998052
2 16 40618.3604
3 16 1655.18854
4 16 -3237324.55
5 16 33954.2977
6 16 -518529.731
7 16 516.634093
8 16 52891.7624
9 16 2494.55397
10 16 -3629576.4
11 16 51582.6004
12 16 -483360.618
13 16 -368.057344
14 16 -98988.8208
15 16 -4434.79528
16 16 7119358.61
17 16 -72006.9336
18 16 880488.273
19 16 -7.65605251
20 16 1616.46622
21 16 -17.078806
22 16 -132977.361
23 16 -605.817147
24 16 2271.74607
1 17 -39252.1861
2 17 318.305718
3 17 -6684.83077
4 17 8345.70303
5 17 -3271468
6 17 -140813.279
7 17 -55524.2204
8 17 -527.048508
9 17 -8874.61016
10 17 52299.0484
11 17 -3843705.73
12 17 -164777.884
13 17 100330.438
14 17 370.678491
15 17 15081.7945
16 17 -72006.9336
17 17 7361104.5
18 17 310800.271
19 17 -1608.21332
20 17 -7.30838911
21 17 27.4740478
22 17 625.210556
23 17 -132322.061
24 17 1398.07701
1 18 -1776.82527
2 18 6120.20221
3 18 -58.7977247
4 18 -425148.71
5 18 -146570.007
6 18 -100382.414
7 18 -2376.20935
8 18 8164.5119
9 18 -3.2322282
10 18 -481960.478
11 18 -165423.663
12 18 -106848.402
13 18 4344.96838
14 18 -14756.0422
15 18 -2.62114634
16 18 880488.273
17 18 310800.271
18 18 195411.336
19 18 16.6516774
20 18 -23.9829204
21 18 -0.028337661
22 18 1972.68996
23 18 1369.72319
24 18 -48.1875268
1 19 -16.2945466
2 19 0.124882763
3 19 -0.527312643
4 19 -11.3020234
5 19 -1437.89235
6 19 8.71091768
7 19 -20.0303073
8 19 0.0930230937
9 19 0.253199929
10 19 -7.19694399
11 19 -1592.67183
12 19 15.7909278
13 19 -20.4205241
14 19 0.100350008
15 19 0.302889359
16 19 -7.65605251
17 19 -1608.21332
18 19 16.6516774
19 19 -43.7023664
20 19 8.52209468
21 19 114.144886
22 19 -0.624509664
23 19 5621.94487
24 19 -10.7886885
1 20 -0.150612136
2 20 -16.3758814
3 20 0.0984994688
4 20 1443.61494
5 20 -12.9961312
6 20 46.729446
7 20 -0.0872153576
8 20 -20.1354216
9 20 0.199589619
10 20 1600.9295
11 20 -7.13495579
12 20 -20.2400519
13 20 -0.089658257
14 20 -20.5276631
15 20 0.212426402
16 20 1616.46622
17 20 -7.30838911
18 20 -23.9829204
