# name: debug
# type: sparse matrix
# nnz: 324
# rows: 18
# columns: 18

1 1 4509.201003993
2 1 -594.936344590
3 1 662.066292125
4 1 17680.864807072
5 1 213788.593044722
6 1 18866.860583331
7 1 -2997.885990385
8 1 522.964961372
9 1 -538.914993662
10 1 -9466.613650483
11 1 -98859.382129915
12 1 -11719.480893452
13 1 -1317.702767115
14 1 82.324131140
15 1 -74.547664793
16 1 -2086.774589823
17 1 -55848.870514016
18 1 -5121.902510985
1 2 -594.936344589
2 2 7182.213800221
3 2 241.617587381
4 2 -294480.004060948
5 2 -17666.617668896
6 2 -69021.764501226
7 2 515.864583286
8 2 -4631.581990805
9 2 -241.304767315
10 2 126465.508093615
11 2 9052.103994785
12 2 37751.324905582
13 2 69.730449274
14 2 -2362.419396450
15 2 -88.833383084
16 2 78858.122985637
17 2 1631.464720027
18 2 16662.358692823
1 3 662.066292125
2 3 241.617587381
3 3 217.343204334
4 3 -11327.512682633
5 3 31977.720542434
6 3 -14.247138176
7 3 -503.369548263
8 3 -158.892481003
9 3 -196.358203322
10 3 5238.127527731
11 3 -16622.379592303
12 3 -258.732932159
13 3 -130.410946130
14 3 -71.762836995
15 3 -27.551645291
16 3 2785.401652127
17 3 -6680.673885650
18 3 -128.329235816
1 4 17680.864807071
2 4 -294480.004060948
3 4 -11327.512682632
4 4 14963503.109330527
5 4 467903.593254771
6 4 2959886.113147832
7 4 -14962.415846196
8 4 178748.128043027
9 4 10025.095024367
10 4 -6273002.360292054
11 4 -231331.663956208
12 4 -1401642.367506573
13 4 -2339.956447880
14 4 110021.916831994
15 4 4510.477111986
16 4 -4793099.624208423
17 4 -33285.152199279
18 4 -796949.897039144
1 5 213788.593044750
2 5 -17666.617668897
3 5 31977.720542439
4 5 467903.593254733
5 5 12685532.958224157
6 5 856503.202994819
7 5 -133456.679252971
8 5 15256.418506711
9 5 -22864.868255933
10 5 -250537.752918991
11 5 -5615730.676646017
12 5 -487881.475408247
13 5 -74013.362273144
14 5 2886.041506069
15 5 -5675.702235444
16 5 -54924.873833181
17 5 -4042223.882176001
18 5 -277327.935896594
1 6 18866.860583331
2 6 -69021.764501226
3 6 -14.247138177
4 6 2959886.113147819
5 6 856503.202994855
6 6 910467.994513145
7 6 -12803.843269902
8 6 45989.565410397
9 6 588.080499226
10 6 -1276353.299080040
11 6 -377559.255987989
12 6 -513640.689102463
13 6 -5648.943411101
14 6 22262.192993229
15 6 261.180714802
16 6 -828855.568022396
17 6 -231508.624719981
18 6 -236587.435275666
1 7 -2997.885990385
2 7 515.864583286
3 7 -503.369548263
4 7 -14962.415846196
5 7 -133456.679252971
6 7 -12803.843269902
7 7 10427.351620996
8 7 -1069.317002786
9 7 2310.944950064
10 7 7669.487575934
11 7 348015.242923093
12 7 24002.662798376
13 7 -7320.674033083
14 7 -35.051244434
15 7 -1701.576781942
16 7 2000.628020539
17 7 -232157.248326595
18 7 -11365.162161998
1 8 522.964961372
2 8 -4631.581990805
3 8 -158.892481003
4 8 178748.128043027
5 8 15256.418506711
6 8 45989.565410397
7 8 -897.306973635
8 8 11611.854292351
9 8 636.988946384
10 8 -362192.515838151
11 8 -7475.690100808
12 8 -81954.638944486
13 8 -11.677816112
14 8 -7287.299646979
15 8 -360.553726996
16 8 218310.728030903
17 8 -1297.511484118
18 8 42830.858115633
1 9 -538.914993662
2 9 -241.304767315
3 9 -196.358203322
4 9 10025.095024367
5 9 -22864.868255933
6 9 588.080499226
7 9 2235.628316088
8 9 849.917404366
9 9 838.534659454
10 9 -20661.810034087
11 9 67157.016500051
12 9 -192.096640099
13 9 -1601.917735169
14 9 -363.647710202
15 9 -656.978636249
16 9 12595.407651511
17 9 -47112.301818050
18 9 86.223641555
1 10 -9466.613650483
2 10 126465.508093615
3 10 5238.127527731
4 10 -6273002.360292054
5 10 -250537.752918991
6 10 -1276353.299080040
7 10 7667.129708178
8 10 -362191.347667792
9 10 -20662.496306091
10 10 14818020.770868612
11 10 16810.161335665
12 10 2476770.143953702
13 10 1445.464433107
14 10 231666.116931871
15 10 13235.849828784
16 10 -9125796.353480132
17 10 105616.355910218
18 10 -1431713.645418036
1 11 -98859.382129915
2 11 9052.103994785
3 11 -16622.379592303
4 11 -231331.663956208
5 11 -5615730.676646017
6 11 -377559.255987989
7 11 348014.979051091
8 11 -7473.419941312
9 11 67156.386340513
10 11 16810.151947088
11 11 15258180.271634178
12 11 878772.789309315
13 11 -244948.855038322
14 11 -2170.346872811
15 11 -52460.924656710
16 11 130975.426353386
17 11 -9923219.472144559
18 11 -482957.061765114
1 12 -11719.480893452
2 12 37751.324905582
3 12 -258.732932159
4 12 -1401642.367506573
5 12 -487881.475408247
6 12 -513640.689102463
7 12 24003.676938870
8 12 -81954.524303303
9 12 -192.064921048
10 12 2476770.152021625
11 12 878772.783961975
12 12 947642.843702793
13 12 -12103.542420771
14 12 43607.828823562
15 12 -114.049286719
16 12 -1384198.733017843
17 12 -492269.304049962
18 12 -483778.744583626
1 13 -1317.702767115
2 13 69.730449274
3 13 -130.410946130
4 13 -2339.956447880
5 13 -74013.362273144
6 13 -5648.943411101
7 13 -7320.674033083
8 13 -11.677816112
9 13 -1601.917735169
10 13 1445.464433107
11 13 -244948.855038322
12 13 -12103.542420771
13 13 8872.464844089
14 13 -51.511079769
15 13 1812.317033160
16 13 134.262032700
17 13 294082.926006059
18 13 16970.928539792
1 14 82.324131140
2 14 -2362.419396450
3 14 -71.762836995
4 14 110021.916831994
5 14 2886.041506069
6 14 22262.192993229
7 14 -35.051244434
8 14 -7287.299646979
9 14 -363.647710202
10 14 231666.116931871
11 14 -2170.346872811
12 14 43607.828823562
13 14 -51.511079717
14 14 9933.988401578
15 14 464.905034126
16 14 -303729.129350486
17 14 -78.855470706
18 14 -60803.061518137
1 15 -74.547664793
2 15 -88.833383084
3 15 -27.551645291
4 15 4510.477111986
5 15 -5675.702235444
6 15 261.180714802
7 15 -1701.576781942
8 15 -360.553726996
9 15 -656.978636249
10 15 13235.849828784
11 15 -52460.924656710
12 15 -114.049286719
13 15 1812.317033242
14 15 464.905034159
15 15 766.698656071
16 15 -16351.706535648
17 15 55250.683907602
18 15 -55.406562217
1 16 -2086.774589823
2 16 78858.122985637
3 16 2785.401652127
4 16 -4793099.624208423
5 16 -54924.873833181
6 16 -828855.568022396
7 16 2000.628020539
8 16 218310.728030903
9 16 12595.407651511
10 16 -9125796.353480132
11 16 130975.426353386
12 16 -1384198.733017843
13 16 134.262032737
14 16 -303729.129350607
15 16 -16351.706535670
16 16 12980182.057401029
17 16 -87907.496063851
18 16 1977607.996710324
1 17 -55848.870514016
2 17 1631.464720027
3 17 -6680.673885650
4 17 -33285.152199279
5 17 -4042223.882176001
6 17 -231508.624719981
7 17 -232157.248326595
8 17 -1297.511484118
9 17 -47112.301818050
10 17 105616.355910218
11 17 -9923219.472144559
12 17 -492269.304049962
13 17 294082.926006626
14 17 -78.855470388
15 17 55250.683907507
16 17 -87907.496062843
17 17 13283600.875419816
18 17 694509.487603452
1 18 -5121.902510985
2 18 16662.358692823
3 18 -128.329235816
4 18 -796949.897039144
5 18 -277327.935896594
6 18 -236587.435275666
7 18 -11365.162161998
8 18 42830.858115633
9 18 86.223641555
10 18 -1431713.645418036
11 18 -482957.061765114
12 18 -483778.744583626
13 18 16970.928539821
14 18 -60803.061518116
15 18 -55.406562266
16 18 1977607.996710285
17 18 694509.487603363
18 18 686914.236724302
