# name: debug
# type: sparse matrix
# nnz: 756
# rows: 30
# columns: 30

1 1 8325.63139
2 1 -80.5010188
3 1 705.069246
4 1 -974.507436
5 1 231302.143
6 1 14928.7193
7 1 -327.848599
8 1 -0.80984875
9 1 -42.7015011
10 1 178.083941
11 1 -22992.6574
12 1 -1043.49093
13 1 -24.9149529
14 1 -0.0901533188
15 1 -3.8926359
16 1 19.4371889
17 1 -1658.76146
18 1 -85.9915501
1 2 -80.5010188
2 2 9057.48773
3 2 212.611296
4 2 -228171.63
5 2 974.777427
6 2 -34139.2008
7 2 -0.748448799
8 2 -324.465919
9 2 -15.4253511
10 2 22322.2332
11 2 -173.28049
12 2 2897.44632
13 2 -0.0529306875
14 2 -24.6838643
15 2 -1.33302541
16 2 1608.91462
17 2 -16.959106
18 2 250.149257
1 3 705.069246
2 3 212.611296
3 3 1503.76648
4 3 -15344.0968
5 3 35546.6584
6 3 -0.269990451
7 3 -52.4046284
8 3 -14.2734137
9 3 -9.65859404
10 3 1012.14652
11 3 -3735.19404
12 3 -40.8839642
13 3 -4.44533715
14 3 -1.22066608
15 3 -0.759174881
16 3 81.982161
17 3 -296.612614
18 3 -3.12627343
1 4 -974.507436
2 4 -228171.63
3 4 -15344.0968
4 4 11849562.1
5 4 -200200.541
6 4 1757991.15
7 4 214.6757
8 4 24293.7902
9 4 1176.81742
10 4 -1828692.76
11 4 27721.6848
12 4 -228847.215
13 4 18.5004131
14 4 1696.26112
15 4 93.924018
16 4 -110571.787
17 4 2154.92707
18 4 -17138.2708
1 5 231302.143
2 5 974.777427
3 5 35546.6584
4 5 -200200.541
5 5 12566975.6
6 5 751375.922
7 5 -25226.8615
8 5 -219.802225
9 5 -3339.57372
10 5 28150.0884
11 5 -1929477.41
12 5 -86798.7921
13 5 -1762.36069
14 5 -21.1021906
15 5 -276.136125
16 5 2334.67357
17 5 -117340.607
18 5 -5933.28048
1 6 14928.7193
2 6 -34139.2008
3 6 -0.269990451
4 6 1757991.15
5 6 751375.922
6 6 775220.9
7 6 -1056.64938
8 6 3879.83299
9 6 44.3957411
10 6 -286435.095
11 6 -80666.6375
12 6 -49604.3523
13 6 -82.7055282
14 6 301.442013
15 6 3.27258777
16 6 -19602.871
17 6 -5342.04588
18 6 -3345.58955
1 7 -327.848599
2 7 -0.748448799
3 7 -52.4046284
4 7 214.6757
5 7 -25226.8615
6 7 -1056.64938
7 7 3710.96881
8 7 276.718545
9 7 1816.74239
10 7 -665.096847
11 7 222305.685
12 7 14465.1876
13 7 -242.313676
14 7 -0.481549003
15 7 -45.1404786
16 7 101.959292
17 7 -11983.5532
18 7 -403.59752
19 7 -135.034651
20 7 -0.625906366
21 7 -26.0061
22 7 41.6924916
23 7 -5977.04289
24 7 -61.2451591
25 7 -129.481436
26 7 -1.14638892
27 7 -25.78203
28 7 54.5021435
29 7 -5467.85621
30 7 -20.0545788
1 8 -0.80984875
2 8 -324.465919
3 8 -14.2734137
4 8 24293.7902
5 8 -219.802225
6 8 3879.83299
7 8 276.718545
8 8 6180.67044
9 8 131.139356
10 8 -218904.572
11 8 665.187153
12 8 -32936.772
13 8 -0.308970146
14 8 -240.975305
15 8 -7.59963285
16 8 11541.9931
17 8 -93.2270268
18 8 2132.58718
19 8 0.511610582
20 8 -134.572093
21 8 -1.13881957
22 8 5745.82969
23 8 8.10438056
24 8 1109.94408
25 8 1.13265453
26 8 -128.831112
27 8 -0.190899404
28 8 5234.66795
29 8 40.3739081
30 8 1045.25713
1 9 -42.7015011
2 9 -15.4253511
3 9 -9.65859404
4 9 1176.81742
5 9 -3339.57372
6 9 44.3957411
7 9 1816.74239
8 9 131.139356
9 9 433.378772
10 9 -14718.7152
11 9 33956.1618
12 9 0.26391547
13 9 -44.6008275
14 9 -7.62277474
15 9 -8.8547224
16 9 426.097749
17 9 -2199.5425
18 9 1.48086051
19 9 -25.0318994
20 9 -1.25115781
21 9 -4.95120964
22 9 70.7111836
23 9 -1113.71178
24 9 0.899177281
25 9 -23.8259873
26 9 -0.725172536
27 9 -4.85587051
28 9 43.781287
29 9 -1011.11849
30 9 3.07821538
1 10 178.083941
2 10 22322.2332
3 10 1012.14652
4 10 -1828692.76
5 10 28150.0884
6 10 -286435.095
7 10 -665.096847
8 10 -218904.572
9 10 -14718.7152
10 10 12920933.5
11 10 -117689.208
12 10 1595746.62
13 10 88.1863444
14 10 10932.3852
15 10 404.198253
16 10 -538197.386
17 10 8764.48296
18 10 -98405.006
19 10 -7.76435687
20 10 5417.6749
21 10 62.1804003
22 10 -233107.591
23 10 481.199585
24 10 -45188.4103
25 10 -37.3053048
26 10 5114.77976
27 10 21.8671687
28 10 -209404.837
29 10 -1070.83455
30 10 -41952.5704
1 11 -22992.6574
2 11 -173.28049
3 11 -3735.19404
4 11 27721.6848
5 11 -1929477.41
6 11 -80666.6375
7 11 222305.685
8 11 665.187153
9 11 33956.1618
10 11 -117689.208
11 11 13486125.5
12 11 686957.326
13 11 -11340.4588
14 11 -96.5595159
15 11 -2107.44773
16 11 9198.86577
17 11 -575700.071
18 11 -20807.5109
19 11 -5620.24937
20 11 -39.1711126
21 11 -1088.53205
22 11 2550.66709
23 11 -250813.224
24 11 -3054.25973
25 11 -5312.41667
26 11 -55.0617554
27 11 -1063.15715
28 11 2800.74255
29 11 -226153.13
30 11 -1300.20811
1 12 -1043.49093
2 12 2897.44632
3 12 -40.8839642
4 12 -228847.215
5 12 -86798.7921
6 12 -49604.3523
7 12 14465.1876
8 12 -32936.772
9 12 0.26391547
10 12 1595746.62
11 12 686957.326
12 12 533789.763
13 12 -386.954129
14 12 1993.5929
15 12 -1.33718798
16 12 -97055.4205
17 12 -20981.8891
18 12 -19273.654
19 12 -63.9786815
20 12 1007.21189
21 12 -0.837601156
22 12 -43460.5531
23 12 -3339.77154
24 12 -8700.78491
25 12 -41.4864456
26 12 943.722073
27 12 -3.09614355
28 12 -38747.7141
29 12 -2246.73545
30 12 -7987.59326
1 13 -24.9149529
2 13 -0.0529306875
3 13 -4.44533715
4 13 18.5004131
5 13 -1762.36069
6 13 -82.7055282
7 13 -242.313676
8 13 -0.308970146
9 13 -44.6008275
10 13 88.1863444
11 13 -11340.4588
12 13 -386.954129
13 13 6136.99657
14 13 4.92563023
15 13 -271.596552
16 13 190.640954
17 13 144825.265
18 13 8027.24467
19 13 -3208.67097
20 13 -21.9660987
21 13 471.660657
22 13 -509.576884
23 13 -63476.3105
24 13 -5235.98131
25 13 -1626.91635
26 13 -11.1072671
27 13 -30.383137
28 13 683.439172
29 13 -39845.9476
30 13 -585.009321
1 14 -0.0901533188
2 14 -24.6838643
3 14 -1.22066608
4 14 1696.26112
5 14 -21.1021906
6 14 301.442013
7 14 -0.481549003
8 14 -240.975305
9 14 -7.62277474
10 14 10932.3852
11 14 -96.5595159
12 14 1993.5929
13 14 4.92563023
14 14 6178.97212
15 14 396.492834
16 14 -140936.081
17 14 -196.761815
18 14 -5557.34556
19 14 7.32886365
20 14 -3226.39134
21 14 -340.023452
22 14 61365.8719
23 14 1080.2401
24 14 -3821.33106
25 14 9.94129973
26 14 -1632.70622
27 14 8.47466762
28 14 38525.0166
29 14 -101.833465
30 14 2780.56563
1 15 -3.8926359
2 15 -1.33302541
3 15 -0.759174881
4 15 93.924018
5 15 -276.136125
6 15 3.27258777
7 15 -45.1404786
8 15 -7.59963285
9 15 -8.8547224
10 15 404.198253
11 15 -2107.44773
12 15 -1.33718798
13 15 -271.596552
14 15 396.492834
15 15 562.981069
16 15 -8754.91786
17 15 5974.08824
18 15 6.12086076
19 15 431.905822
20 15 -319.960552
21 15 -260.297394
22 15 5566.81319
23 15 3581.87824
24 15 -18.4468325
25 15 -41.3071619
26 15 2.4084195
27 15 -71.6615998
28 15 830.690646
29 15 -3307.14501
30 15 31.3634898
1 16 19.4371889
2 16 1608.91462
3 16 81.982161
4 16 -110571.787
5 16 2334.67357
6 16 -19602.871
7 16 101.959292
8 16 11541.9931
9 16 426.097749
10 16 -538197.386
11 16 9198.86577
12 16 -97055.4205
13 16 190.640954
14 16 -140936.081
15 16 -8754.91786
16 16 4098025.49
17 16 -36469.3864
18 16 450501.581
19 16 -934.405489
20 16 61104.4691
21 16 5777.11154
22 16 -1393952.71
23 16 -15262.3328
24 16 -43416.1301
25 16 65.5541728
26 16 40932.8481
27 16 703.847119
28 16 -1070731.66
29 16 14758.8498
30 16 -132760.414
1 17 -1658.76146
2 17 -16.959106
3 17 -296.612614
4 17 2154.92707
5 17 -117340.607
6 17 -5342.04588
7 17 -11983.5532
8 17 -93.2270268
9 17 -2199.5425
10 17 8764.48296
11 17 -575700.071
12 17 -20981.8891
13 17 144825.265
14 17 -196.761815
15 17 5974.08824
16 17 -36469.3864
17 17 4390001.53
18 17 218617.842
19 17 -62952.0742
20 17 382.969072
21 17 3946.1517
22 17 -2128.33529
23 17 -1503638.97
24 17 -98511.9149
25 17 -42102.0225
26 17 -679.479513
27 17 -3338.77714
28 17 33151.9916
29 17 -1164365.72
30 17 -33039.084
1 18 -85.9915501
2 18 250.149257
3 18 -3.12627343
4 18 -17138.2708
5 18 -5933.28048
6 18 -3345.58955
7 18 -403.59752
8 18 2132.58718
9 18 1.48086051
10 18 -98405.006
11 18 -20807.5109
12 18 -19273.654
13 18 8027.24467
14 18 -5557.34556
15 18 6.12086076
16 18 450501.581
17 18 218617.842
18 18 224648.862
19 18 -4938.52132
20 18 -3239.45673
21 18 2.87395644
22 18 -49131.7659
23 18 -95399.3146
24 18 -91136.9672
25 18 -707.721066
26 18 2919.61931
27 18 -31.5437944
28 18 -128785.978
29 18 -36437.0755
30 18 -62048.4225
7 19 -135.034651
8 19 0.511610582
9 19 -25.0318994
10 19 -7.76435687
11 19 -5620.24937
12 19 -63.9786815
13 19 -3208.67097
14 19 7.32886365
15 19 431.905822
16 19 -934.405489
17 19 -62952.0742
18 19 -4938.52132
19 19 41593.0725
20 19 -20.8222814
21 19 7130.6984
22 19 -2582.28623
23 19 868073.267
24 19 14435.3805
25 19 -32786.4858
26 19 -175.371416
27 19 -7255.41411
28 19 5639.62841
29 19 -617185.291
30 19 -723.448099
7 20 -0.625906366
8 20 -134.572093
9 20 -1.25115781
10 20 5417.6749
11 20 -39.1711126
12 20 1007.21189
13 20 -21.9660987
14 20 -3226.39134
15 20 -319.960552
16 20 61104.4691
17 20 382.969072
18 20 -3239.45673
19 20 -20.8222814
20 20 41994.2515
21 20 -337.716179
22 20 -803324.306
23 20 2579.76145
24 20 -153349.034
25 20 111.580116
26 20 -32776.7235
27 20 1152.58846
28 20 555590.556
29 20 -402.143006
30 20 130626.219
7 21 -26.0061
8 21 -1.13881957
9 21 -4.95120964
10 21 62.1804003
11 21 -1088.53205
12 21 -0.837601156
13 21 471.660657
14 21 -340.023452
15 21 -260.297394
16 21 5777.11154
17 21 3946.1517
18 21 2.87395644
19 21 7130.6984
20 21 -337.716179
21 21 5287.05153
22 21 -16737.0215
23 21 184604.829
24 21 2.52478367
25 21 -6710.13041
26 21 724.379013
27 21 -4346.07141
28 21 7004.14151
29 21 -152507.71
30 21 744.435104
7 22 41.6924916
8 22 5745.82969
9 22 70.7111836
10 22 -233107.591
11 22 2550.66709
12 22 -43460.5531
13 22 -509.576884
14 22 61365.8719
15 22 5566.81319
16 22 -1393952.71
17 22 -2128.33529
18 22 -49131.7659
19 22 -2582.28623
20 22 -803324.306
21 22 -16737.0215
22 22 19075924
23 22 -250947.239
24 22 3606338.68
25 22 726.176018
26 22 603823.579
27 22 965.606952
28 22 -11962673.5
29 22 159830.226
30 22 -2826976.97
7 23 -5977.04289
8 23 8.10438056
9 23 -1113.71178
10 23 481.199585
11 23 -250813.224
12 23 -3339.77154
13 23 -63476.3105
14 23 1080.2401
15 23 3581.87824
16 23 -15262.3328
17 23 -1503638.97
18 23 -95399.3146
19 23 868073.267
20 23 2579.76145
21 23 184604.829
22 23 -250947.239
23 23 22212166.5
24 23 694967.089
25 23 -661018.733
26 23 -6520.01047
27 23 -172823.713
28 23 280092.95
29 23 -14577362.4
30 23 -327276.181
7 24 -61.2451591
8 24 1109.94408
9 24 0.899177281
10 24 -45188.4103
11 24 -3054.25973
12 24 -8700.78491
13 24 -5235.98131
14 24 -3821.33106
15 24 -18.4468325
16 24 -43416.1301
17 24 -98511.9149
18 24 -91136.9672
19 24 14435.3805
20 24 -153349.034
21 24 2.52478367
22 24 3606338.68
23 24 694967.089
24 24 1901454.4
25 24 -4221.73991
26 24 131637.359
27 24 -659.702086
28 24 -2639185.73
29 24 -400608.404
30 24 -1441184.7
7 25 -129.481436
8 25 1.13265453
9 25 -23.8259873
10 25 -37.3053048
11 25 -5312.41667
12 25 -41.4864456
13 25 -1626.91635
14 25 9.94129973
15 25 -41.3071619
16 25 65.5541728
17 25 -42102.0225
18 25 -707.721066
19 25 -32786.4858
20 25 111.580116
21 25 -6710.13041
22 25 726.176018
23 25 -661018.733
24 25 -4221.73991
25 25 53734.1267
26 25 -118.676518
27 25 9943.4266
28 25 -4194.77126
29 25 1080193.13
30 25 24251.0146
7 26 -1.14638892
8 26 -128.831112
9 26 -0.725172536
10 26 5114.77976
11 26 -55.0617554
12 26 943.722073
13 26 -11.1072671
14 26 -1632.70622
15 26 2.4084195
16 26 40932.8481
17 26 -679.479513
18 26 2919.61931
19 26 -175.371416
20 26 -32776.7235
21 26 724.379013
22 26 603823.579
23 26 -6520.01047
24 26 131637.359
25 26 -118.676518
26 26 56122.0202
27 26 -620.928694
28 26 -1017695.94
29 26 4334.99293
30 26 -210887.009
7 27 -25.78203
8 27 -0.190899404
9 27 -4.85587051
10 27 21.8671687
11 27 -1063.15715
12 27 -3.09614355
13 27 -30.383137
14 27 8.47466762
15 27 -71.6615998
16 27 703.847119
17 27 -3338.77714
18 27 -31.5437944
19 27 -7255.41411
20 27 1152.58846
21 27 -4346.07141
22 27 965.606952
23 27 -172823.713
24 27 -659.702086
25 27 9943.4266
26 27 -620.928694
27 27 8084.99965
28 27 -26726.5644
29 27 244416.197
30 27 -140.221677
7 28 54.5021435
8 28 5234.66795
9 28 43.781287
10 28 -209404.837
11 28 2800.74255
12 28 -38747.7141
13 28 683.439172
14 28 38525.0166
15 28 830.690646
16 28 -1070731.66
17 28 33151.9916
18 28 -128785.978
19 28 5639.62841
20 28 555590.556
21 28 7004.14151
22 28 -11962673.5
23 28 280092.95
24 28 -2639185.73
25 28 -4194.77126
26 28 -1017695.94
27 28 -26726.5644
28 28 24310773.6
29 28 -357341.769
30 28 4605613.61
7 29 -5467.85621
8 29 40.3739081
9 29 -1011.11849
10 29 -1070.83455
11 29 -226153.13
12 29 -2246.73545
13 29 -39845.9476
14 29 -101.833465
15 29 -3307.14501
16 29 14758.8498
17 29 -1164365.72
18 29 -36437.0755
19 29 -617185.291
20 29 -402.143006
21 29 -152507.71
22 29 159830.226
23 29 -14577362.4
24 29 -400608.404
25 29 1080193.13
26 29 4334.99293
27 29 244416.197
28 29 -357341.769
29 29 27884718.2
30 29 1060577.76
7 30 -20.0545788
8 30 1045.25713
9 30 3.07821538
10 30 -41952.5704
11 30 -1300.20811
12 30 -7987.59326
13 30 -585.009321
14 30 2780.56563
15 30 31.3634898
16 30 -132760.414
17 30 -33039.084
18 30 -62048.4225
19 30 -723.448099
20 30 130626.219
21 30 744.435104
22 30 -2826976.97
23 30 -327276.181
24 30 -1441184.7
25 30 24251.0146
26 30 -210887.009
27 30 -140.221677
28 30 4605613.61
29 30 1060577.76
30 30 2604160.68
